tree
version=v4
num_class=1
num_tree_per_iteration=1
label_index=0
max_feature_idx=47
objective=binary sigmoid:1
feature_names=1h_attempts 1h_mismatch_count 1h_mismatch_rate 1h_distinct_merchants 1h_merchant_entropy 1h_distinct_amounts 1h_amount_mean 1h_amount_std 1h_small_amount_fraction 1h_decline_rate 1h_approved_with_N_fraction 24h_attempts 24h_mismatch_count 24h_mismatch_rate 24h_distinct_merchants 24h_merchant_entropy 24h_distinct_amounts 24h_amount_mean 24h_amount_std 24h_small_amount_fraction 24h_decline_rate 24h_approved_with_N_fraction 7d_attempts 7d_mismatch_count 7d_mismatch_rate 7d_distinct_merchants 7d_merchant_entropy 7d_distinct_amounts 7d_amount_mean 7d_amount_std 7d_small_amount_fraction 7d_decline_rate 7d_approved_with_N_fraction inter_attempt_mean inter_attempt_std attempts_per_minute_peak time_since_first_attempt hour_sin hour_cos is_night merchant_hist_N_rate_max merchant_hist_N_rate_mean session_attempts session_max_mismatch_streak session_merchant_switch_rate session_amount_entropy session_probe_then_escalate anomaly_score
feature_infos=[1:6] [0:5] [0:1] [1:3] [0:1.5849625007211561] [1:6] [1.5:219.94] [0:106.64] [0:1] [0:1] [0:1] [1:15] [0:5] [0:1] [1:3] [0:1.5849625007211561] [1:15] [1.5:219.71000000000001] [0:108.05499999999999] [0:1] [0:1] [0:1] [1:24] [0:5] [0:1] [1:3] [0:1.5849625007211561] [1:24] [1.5:219.71000000000001] [0:107.06] [0:1] [0:1] [0:1] [0:86387.859331607819] [0:42665.065549492836] [1:2] [0:372872.41280031204] [-1:1] [-1:1] [0:1] [0:0.070339976553341149] [0:0.070269365902626738] [1:6] [0:4] [0:1] [0:2.5849625007211561] [0:1] [0.36437178548953431:0.77167615408186374]
tree_sizes=3546 5038 5015 5030 5025 5028

Tree=0
num_leaves=33
num_cat=0
split_feature=47 6 31 47 31 2 2 5 19 29 47 23 6 38 34 16 20 6 6 17 37 6 0 6 3 6 0 6 6 6 11 6
split_gain=9930.66 2558.94 1215.93 405.343 122.003 60.0739 19.9573 106.113 9.59902 6.62236 4.7262 23.1933 3.66892 3.02776 1.52982 0.491506 3.5072 0.323146 0.228179 0.251837 0.165475 0.30595 1.81899e-12 4.54747e-13 2.27374e-13 2.27374e-13 1.13687e-13 1.13687e-13 7.10543e-15 7.10543e-15 7.10543e-15 1.77636e-15
threshold=0.57806665928610657 8.0900000000000016 0.85714285714285732 0.66663621195266198 0.30384615384615393 0.77500000000000013 0.41666666666666669 1.5000000000000002 0.42261904761904767 82.096772169752356 0.62979083294503113 1.5000000000000002 6.5650000000000013 0.25881904510252057 15886.903538631954 8.5000000000000018 0.30384615384615393 38.320000000000007 3.2025000000000006 29.60916666666667 0.98296291314453421 5.3933333333333353 1.5000000000000002 2.2550000000000003 1.5000000000000002 154.21000000000001 1.5000000000000002 6.9925000000000006 151.86500000000004 110.59000000000002 8.5000000000000018 59.375000000000007
decision_type=2 2 2 2 2 2 2 2 2 2 2 2 2 2 2 2 2 2 2 2 2 2 2 2 2 2 2 2 2 2 2 2
left_child=2 9 5 6 8 18 28 31 17 10 11 12 14 -14 -2 20 26 -5 19 -1 22 -22 23 -12 25 -20 -17 -4 30 -26 -3 -8
right_child=1 3 27 4 -6 -7 7 -9 -10 -11 15 -13 13 -15 -16 16 -18 -19 24 -21 21 -23 -24 -25 29 -27 -28 -29 -30 -31 -32 -33
leaf_value=-2.0691725122048181 -1.5883936164274266 -2.0691725122048181 -1.5883936164274266 -1.5883936164274264 -2.0462782790725615 -1.8183313491905269 -2.0691725122048181 -1.6799705489564536 -1.7138141979345722 -1.684549395582905 -1.5883936164274266 -1.7486532483532238 -1.605564291276619 -1.684549395582905 -1.6302004769298084 -1.5883936164274266 -1.6570763158241968 -1.6124325612162962 -2.0691725122048181 -2.0451335674159488 -1.5883936164274266 -1.6124325612162962 -1.5883936164274266 -1.5883936164274266 -2.0691725122048181 -2.0691725122048181 -1.5883936164274266 -1.5883936164274266 -2.0691725122048181 -2.0691725122048181 -2.0691725122048181 -2.0691725122048181
leaf_weight=2.2879539877176276 25.687483407557014 28.703422755002979 9.0478180423378927 4.2639142498373968 2.1839560791850081 2.3919518962502471 6.3438724204897863 2.1839560791850081 2.391951896250248 2.0799581706523886 4.783903792500495 2.807943530380725 2.9119414389133444 2.0799581706523895 2.3919518962502471 3.9519205242395392 2.1839560791850081 2.0799581706523895 1125.0493745058775 2.0799581706523895 3.6399267986416808 2.0799581706523895 67.286646820604801 29.119414389133453 34.319309815764427 142.78912841528654 8.5278284996747953 4.2639142498373976 3.2239351645112029 4.0559184327721587 3.2239351645112029 2.4959498047828674
leaf_count=22 247 276 87 41 21 23 61 21 23 20 46 27 28 20 23 38 21 20 10818 20 35 20 647 280 330 1373 82 41 31 39 31 24
internal_value=-2.01259 -1.69872 -2.06386 -1.98598 -1.71202 -2.06868 -2.05076 -1.99207 -1.62846 -1.59592 -1.59474 -1.61069 -1.59898 -1.63847 -1.59195 -1.59004 -1.59862 -1.59628 -2.06913 -2.05773 -1.58886 -1.59714 -1.58839 -1.58839 -2.06917 -2.06917 -1.58839 -1.58839 -2.06917 -2.06917 -2.06917 -2.06917
internal_weight=1542.91 216.628 1326.29 57.0949 10.9198 1312.97 46.1751 11.0238 8.73582 159.533 157.453 35.8793 33.0713 4.9919 28.0794 121.574 14.6637 6.34387 1310.58 4.36791 106.91 5.71988 101.19 33.9033 1306.21 1267.84 12.4797 13.3117 35.1513 38.3752 31.9274 8.83982
internal_count=14836 2083 12753 549 105 12625 444 106 84 1534 1514 345 318 48 270 1169 141 61 12602 42 1028 55 973 326 12560 12191 120 128 338 369 307 85
is_linear=0
shrinkage=1


Tree=1
num_leaves=47
num_cat=0
split_feature=47 6 17 47 47 19 36 2 2 5 45 17 2 33 30 47 19 6 47 17 6 6 36 6 29 6 47 29 34 16 34 6 17 40 37 6 15 6 47 7 6 2 4 18 19 37
split_gain=7350.09 1382.76 329.27 298.77 194.876 236.766 75.1005 46.988 40.3931 107.057 15.1201 4.38938 2.4543 29.736 2.77408 11.1443 1.09256 1.05473 0.382452 0.410066 0.454692 0.296058 0.270138 0.209025 0.950169 0.148037 0.135114 0.0965891 0.0878825 0.0493719 0.0318199 0.0149983 0.0103617 0.0103527 0.00776396 0.00830584 0.00455373 0.000115344 5.44797e-05 4.62718e-05 4.54747e-13 2.27374e-13 2.27374e-13 2.27374e-13 2.27374e-13 5.68434e-14
threshold=0.57806665928610657 8.0900000000000016 7.8433333333333346 0.67951093840154719 0.45911263699642685 0.88194444444444453 28727.190030813221 0.77500000000000013 0.41666666666666669 1.5000000000000002 0.95914791702724489 8.3583333333333361 0.55000000000000016 11126.220060076035 0.2752525252525253 0.63434261526798119 0.29285714285714287 3.5816666666666674 0.62979083294503113 56.903750000000009 6.1250000000000009 3.2025000000000006 313412.61471974856 5.9850000000000012 9.2475000000000041 4.9033333333333351 0.60939649842638899 77.176148458078117 15886.903538631954 8.5000000000000018 6799.5257284957552 6.8525000000000009 18.063750000000002 0.052591462888813299 0.98296291314453421 4.2825000000000015 1.3659573209491753 112.38750000000002 0.66238476156123249 2.1310580131962804 6.9925000000000006 0.29166666666666669 0.94462321425457918 29.9783777196422 0.36931818181818188 -1.0000000180025095e-35
decision_type=2 2 2 2 2 2 2 2 2 2 2 2 2 2 2 2 2 2 2 2 2 2 2 2 2 2 2 2 2 2 2 2 2 2 2 2 2 2 2 2 2 2 2 2 2 2
left_child=2 12 4 8 -1 6 25 11 38 37 -5 -4 13 14 15 -2 -12 -7 19 20 28 -13 36 29 31 -6 -22 34 33 39 -31 -25 -32 -14 40 -36 -17 -10 -3 41 -20 44 43 -23 -16 -27
right_child=1 3 7 10 5 17 -8 -9 9 -11 16 21 18 -15 23 22 -18 -19 27 -21 26 42 -24 24 -26 45 -28 -29 -30 30 32 -33 -34 -35 35 -37 -38 -39 -40 -41 -42 -43 -44 -45 -46 -47
leaf_value=-0.056314509708070504 0.17925080465025783 -0.056314509708070504 -0.00059607134899551358 0.15736317345479833 0.28220001848603732 -0.019286982488045529 -0.012799291000348623 0.15989116367856751 -0.056314509708070504 0.24628945825611659 0.28130162931667552 -0.041373490780865413 0.2986478443397213 0.12314171218136863 0.294793889572946 0.29718366006784241 0.31866116643146147 -0.056314509708070497 0.294793889572946 0.28490037871544294 0.30991419378697871 -0.056314509708070504 0.27783645517981798 0.29546531409406646 0.26282057624594185 0.29479388957294539 0.32438732190171149 0.30396997279195326 0.30672998171318411 0.30329558918760502 0.29479388957294589 0.3001977633587013 0.29899637872196189 0.29479388957294594 0.294793889572946 0.29864354052582165 0.29479388957294594 -0.056750767325244159 -0.056568581383811711 0.29494820564080015 0.294793889572946 0.294793889572946 -0.056314509708070504 -0.056314509708070504 0.294793889572946 0.29479388957294617
leaf_weight=16.526361390948296 2.7198244780302039 34.645625084638596 3.5500616878271094 2.5415038764476758 2.7755632773041787 2.6710383892059344 2.2728128135204306 2.5228666439652434 6.6702783927321416 4.4151611775159827 4.5420173108577728 3.3245906084775916 2.7876620590686851 2.7331006079912177 3.0985342860221854 2.9386802315711957 3.4384268522262573 6.869391180574894 88.730754554271698 2.7551819980144492 3.92360496520996 686.14266690611839 2.8105121552944174 4.2176230251789075 2.7873505502939224 3.6619041562080445 2.7377496808767319 3.0233619809150687 2.7287073880434036 2.7534773945808393 3.0985342860221863 2.7762510627508163 2.7851633727550507 4.6478014290332794 2.8168493509292594 2.7878494262695312 6.1970685720443726 1.9604320302605627 2.2467248290777198 5.3497830033302298 6.6195959746837607 2.8168493509292594 35.840301811695099 498.77753354609013 46.900541692972183 10.985712468624106
leaf_count=166 20 348 34 20 20 26 22 21 67 33 33 33 20 20 22 21 26 69 630 20 29 6892 20 30 20 26 21 22 20 20 22 20 20 33 20 20 44 19 22 38 47 20 360 5010 333 78
internal_value=-1.17752e-05 0.232952 -0.0507709 0.0214303 0.0809209 0.158495 0.257525 -0.0556699 -0.0295891 0.0460313 0.263574 -0.0561129 0.291739 0.28565 0.290517 0.270596 0.297398 -0.0459479 0.296371 0.302781 0.305709 -0.0562739 0.291392 0.294332 0.287506 0.292788 0.315863 0.295164 0.299055 0.295332 0.298859 0.297344 0.296783 0.296239 0.2949 0.296709 0.295563 -0.0564136 -0.05633 0.294808 0.294794 0.294794 -0.0563145 -0.0563145 0.294794 0.294794
internal_weight=1553.92 278.003 1275.92 60.4602 45.7628 29.2364 19.696 1230.16 49.9382 13.0459 10.5219 1227.64 217.542 93.9833 91.2502 14.6661 7.98044 9.54043 123.559 19.5807 16.8255 1224.09 11.9463 76.5841 9.78122 17.4232 6.66135 103.978 10.1642 66.8029 8.63718 6.99387 5.8837 7.43546 100.955 5.6047 9.13575 8.63071 36.8923 58.1657 95.3504 52.8159 1220.76 1184.92 49.9991 14.6476
internal_count=14877 2120 12757 568 407 241 146 12350 489 119 79 12329 1552 670 650 105 59 95 882 143 123 12295 85 545 70 124 50 739 73 475 62 50 42 53 717 40 65 86 370 413 677 375 12262 11902 355 104
is_linear=0
shrinkage=0.05


Tree=2
num_leaves=47
num_cat=0
split_feature=47 6 31 47 7 1 2 5 8 6 47 22 17 41 38 7 26 6 36 34 47 37 38 36 19 47 19 6 34 6 17 2 34 17 20 29 7 6 36 6 34 19 37 29 41 37
split_gain=5904.92 841.508 734.939 240.316 60.7638 46.8841 15.2377 48.713 3.99035 3.6005 1.29695 8.10034 1.51922 0.6521 3.49072 0.36981 0.307295 0.230099 0.275001 0.203324 0.630333 0.152893 0.140778 0.127659 0.0890856 0.0748133 0.145321 0.0709928 0.0645242 0.0629381 0.0296255 0.0172026 0.0495354 0.0265285 0.0374099 0.01304 0.00769677 0.00620746 0.00544863 0.00334478 0.00295708 0.00182974 0.00179982 0.00121656 0.00115345 0.000685454
threshold=0.57806665928610657 9.3650000000000002 0.85714285714285732 0.66663621195266198 3.5931746978413495 1.0000000180025095e-35 0.41666666666666669 1.5000000000000002 1.0000000180025095e-35 7.8450000000000006 0.6143657260780041 8.5000000000000018 43.030833333333341 0.035542129199285795 0.78656609248549303 18.222500000000007 1.5303090110362265 3.2025000000000006 100613.2737644911 21472.873136401191 0.66663621195266198 -0.37940952255126059 -0.9159756150367534 333467.71786165243 0.36931818181818188 0.62979083294503113 0.32051282051282054 6.1250000000000009 1491.3484481978667 7.5050000000000008 37.266500000000015 0.55000000000000016 13960.666086514242 5.5712500000000009 0.30384615384615393 76.390313748042246 0.76294745570770073 5.4875000000000007 281611.98713815218 5.0550000000000015 6233.6118635184512 0.45804195804195807 0.98296291314453421 40.479136030872503 0.061838572594295475 0.91597561503675362
decision_type=2 2 2 2 2 2 2 2 2 2 2 2 2 2 2 2 2 2 2 2 2 2 2 2 2 2 2 2 2 2 2 2 2 2 2 2 2 2 2 2 2 2 2 2 2 2
left_child=2 9 5 6 -5 17 -3 -8 -6 10 11 12 22 14 16 -10 27 18 -1 23 -21 -4 -2 25 28 26 -15 30 -24 39 -12 32 33 43 37 42 -22 38 -35 -23 -39 -28 -33 45 -26 -27
right_child=1 3 21 4 8 -7 7 -9 15 -11 13 -13 -14 19 -16 -17 -18 -19 -20 20 36 29 24 -25 44 31 41 -29 -30 -31 -32 35 -34 34 -36 -37 -38 40 -40 -41 -42 -43 -44 -45 -46 -47
leaf_value=-0.056164540510892216 0.22537254308448629 -0.055968702346583021 0.24536832816713117 -0.057623780699646965 0.18726547499587176 0.1434295716215305 -0.055968115975528455 0.17929874116205774 0.23199131681399399 0.18468488659607188 0.23239890280374423 0.1553923733316952 0.19705977462806012 0.24331911515772331 0.18652155936903297 0.25234216198667314 0.21844110350470705 -0.055970830479776558 -0.030502107946910523 0.20775271266142803 0.23540564141795245 0.23405157529050413 0.23408383417842316 0.22484442342416369 0.23228988290634606 0.23225605607402466 0.23374269658354058 0.24127686599463988 0.24320346493876818 0.24032710420359971 0.23765656053214004 0.23229437650283843 0.23948685985678853 0.231966049024595 0.2383154910840628 0.23552976014221191 0.23229437650283843 0.23565641638120069 0.23439291783761323 0.23229437650283843 0.23360732955669694 0.23226596000505648 0.23325095037998703 0.23330690379718094 0.23331472925005411 0.23293449862407628
leaf_weight=2.2471795082092276 5.1916821300983456 33.1542062535882 3.5673127770423916 2.1979374438524273 4.6095667555928221 2.9563733935356131 7.5258036255836469 3.1091919541358948 3.7303072959184629 4.456785559654235 13.846420273184789 4.1300082057714453 3.2683399468660346 5.2237088233232489 5.000893458724021 5.5588582754135132 3.3677895814180365 1197.1867939308286 1.9496995732188223 3.3196067363023749 3.3453478515148145 3.527809455990794 3.6952177584171322 4.6821378320455542 14.86464896798134 31.928585067391396 3.3630215227603895 3.4495077431201926 4.0823830813169479 3.2939005792140952 3.3221381604671469 84.625961378216743 3.3033002465963355 7.4398469328880363 5.1389872580766669 3.3441866338253012 4.8985087424516678 3.5101506114006034 3.3560584336519241 11.655072525143622 3.5326662510633469 5.5746598839759827 5.2207060456275931 3.5359916538000098 3.3674839586019507 4.2144087105989447
leaf_count=23 31 348 22 20 30 22 79 20 23 30 82 26 20 32 30 35 20 12563 20 20 20 21 22 28 88 189 20 21 25 20 20 501 20 44 31 20 29 21 20 69 21 33 31 21 20 25
internal_value=-0.000202891 0.190537 -0.0502038 0.0214636 0.186665 -0.0554405 -0.0392638 0.0128133 0.225297 0.229241 0.230013 0.221564 0.229493 0.231506 0.224521 0.24417 0.232444 -0.0559299 -0.0442428 0.232574 0.226149 0.235892 0.23289 0.232991 0.23439 0.233211 0.236694 0.234731 0.238871 0.234062 0.233416 0.232901 0.233519 0.233205 0.234557 0.232464 0.233557 0.233474 0.23272 0.232703 0.234629 0.232822 0.23235 0.232422 0.232479 0.232335
internal_weight=1547.87 321.487 1226.38 59.8859 16.0967 1204.34 43.7892 10.635 13.8987 261.601 257.144 38.5998 34.4698 218.545 28.9867 9.28917 23.9859 1201.38 4.19688 189.558 11.5635 22.0441 31.2014 177.994 26.0097 173.312 14.1614 20.6181 7.7776 18.4768 17.1686 159.151 65.96 62.6567 22.9777 93.1909 8.24386 17.8387 10.7959 15.1829 7.04282 8.93768 89.8467 39.679 18.2321 36.143
internal_count=14876 2116 12760 555 108 12628 447 99 88 1561 1531 232 206 1299 173 58 143 12606 43 1126 69 132 186 1057 155 1029 85 123 47 110 102 944 392 372 137 552 49 106 64 90 42 53 532 235 108 214
is_linear=0
shrinkage=0.05


Tree=3
num_leaves=47
num_cat=0
split_feature=47 6 31 47 6 1 7 2 5 34 29 2 9 33 13 6 47 6 34 34 28 47 27 28 40 17 6 34 19 47 29 38 17 6 40 11 6 38 40 13 33 17 19 34 47 29
split_gain=4850.42 718.912 495.247 141.465 30.8849 42.4262 26.2172 12.6539 41.6618 2.41564 2.09062 1.42099 31.9111 1.74271 1.11856 5.77385 0.975261 0.241701 0.280672 0.180385 0.178379 0.234164 0.177702 0.595949 0.106404 0.129371 0.042977 0.0649957 0.0401846 0.0315263 0.0213804 0.019838 0.0300357 0.0150554 0.0107955 0.00586071 0.00496943 0.00363931 0.00305246 0.00252478 0.000894007 0.000977976 0.000849089 0.000846413 0.00217669 0.000731998
threshold=0.57113659808145467 12.945000000000002 0.85714285714285732 0.67127976968619929 8.0900000000000016 1.0000000180025095e-35 10.547500000000001 0.41666666666666669 1.5000000000000002 15022.924784393248 79.903936636679944 0.55000000000000016 0.36666666666666675 10051.716286795481 0.15476190476190479 13.565000000000003 0.58505253350238295 3.2025000000000006 1206.5524777770045 12478.972934054475 77.418750000000017 0.62468580552822883 12.500000000000002 29.399444444444452 0.027036905326379014 5.3880000000000008 6.4133333333333349 15886.903538631954 0.26136363636363641 0.63434261526798119 37.972367981295953 -0.37940952255126015 6.1625000000000005 6.5650000000000013 0.036012088001781566 8.5000000000000018 7.3375000000000012 -0.70710678118654757 0.034826792307451261 0.31666666666666671 6493.3964496731769 5.5712500000000009 0.22649572649572652 21780.94152249485 0.69821309182620706 73.544470745145787
decision_type=2 2 2 2 2 2 2 2 2 2 2 2 2 2 2 2 2 2 2 2 2 2 2 2 2 2 2 2 2 2 2 2 2 2 2 2 2 2 2 2 2 2 2 2 2 2
left_child=2 4 14 7 10 -6 -5 -3 39 -8 11 12 -2 19 17 -16 -13 18 -1 22 21 26 28 -24 25 -23 27 30 -14 -26 -18 32 -4 35 -31 38 43 -35 -30 -9 41 -40 -33 45 -45 -36
right_child=1 3 31 6 5 -7 9 8 -10 -11 -12 16 13 -15 15 -17 20 -19 -20 -21 -22 24 23 -25 29 -27 -28 -29 33 34 -32 42 -34 37 36 -37 -38 -39 40 -41 -42 -43 -44 44 -46 -47
leaf_value=-0.029267107327787908 0.053972016877904531 -0.055645071753006863 0.19457050251673902 0.0029044580700092956 -0.056107625760669924 0.17286268003567815 0.21017161953546531 -0.057589000780810584 0.16035312709950844 0.16006091131186759 0.15539673950148436 0.21935968114194493 0.19903255976429504 0.15875940887099554 0.032174276754608308 -0.055787709380318407 0.19351849451554048 -0.055645649503555245 -0.055919233285307623 0.18347293481023513 0.18429949075884999 0.19490771510679294 0.1735178806868527 0.19718597697997026 0.19858395743113727 0.18231096775573702 0.2041241822925903 0.2037584197748856 0.19578906994601691 0.19661430266364385 0.19875944857040231 0.19381646835320365 0.20004493524121936 0.19597623594174449 0.1945526759196165 0.19619263808523191 0.19608187377973357 0.19809102079027813 0.19458369601556916 -0.05564330408936477 0.19522342457217562 0.19392433778806276 0.19476660791892778 0.19590547243295001 0.19436262261977222 0.19387888539860026
leaf_weight=1.8796405717730515 4.254936844110488 35.824249461293221 4.9644187688827532 2.4083543345332137 2.97799204289913 6.3092882260680199 5.255141153931616 2.4355568960309011 3.1155375689268112 4.4343051165342331 3.8402510434389105 4.2294656634330741 6.39448557794094 3.5685337632894507 2.2406812310218802 11.144354090094565 3.83231930434704 1124.561828866601 2.0819440484046936 3.7917290031909934 3.7806797623634329 4.3866043388843519 4.1578038781881315 7.3811816275119781 5.6507776975631705 3.8074074238538742 5.9172923415899268 4.4436778128147125 5.5145184248685828 7.3955009281635276 3.9534306824207306 6.1255669593811017 5.0585746765136719 4.1807925701141357 94.520658046007156 6.6463162600994101 5.6990526467561713 3.9624796956777555 68.926039487123489 5.2857396304607391 4.9535176157951346 6.1233521401882163 3.8162645101547241 3.9917469173669797 5.3500426709651947 4.2104371935129157
leaf_count=20 27 393 26 20 31 38 29 23 18 25 21 25 34 20 22 121 20 12336 22 20 20 23 22 39 30 20 32 24 29 39 21 32 27 22 495 35 30 21 361 58 26 32 20 21 28 22
internal_value=-0.00127562 0.158288 -0.0511154 -0.00182098 0.18922 0.0994427 0.150543 -0.0413242 0.00601734 0.187239 0.192047 0.192531 0.188639 0.193201 -0.0554318 -0.0410627 0.195667 -0.0556022 -0.0432737 0.194208 0.195029 0.195293 0.194552 0.188658 0.194577 0.189055 0.200626 0.198934 0.195189 0.194933 0.19618 0.195764 0.197333 0.194945 0.194763 0.194762 0.194643 0.197005 0.194651 -0.056257 0.194573 0.19453 0.194181 0.194567 0.195022 0.194524
internal_weight=1524.78 362.911 1161.87 58.7589 304.152 9.28728 12.0978 46.6611 10.8368 9.68945 294.865 291.025 129.856 125.601 1141.91 13.385 161.169 1128.52 3.96158 122.032 156.94 153.159 118.24 11.539 135.012 8.19401 18.1467 12.2294 106.702 126.818 7.78575 19.9648 10.023 100.307 121.167 92.1637 113.772 8.14327 85.5174 7.7213 80.0029 75.0494 9.94183 108.073 9.34179 98.7311
internal_count=14820 2194 12626 566 1628 69 74 492 99 54 1559 1538 688 661 12521 143 850 12378 42 641 825 805 621 61 708 43 97 65 560 665 41 105 53 526 635 483 596 43 448 81 419 393 52 566 49 517
is_linear=0
shrinkage=0.05


Tree=4
num_leaves=47
num_cat=0
split_feature=47 6 31 47 6 5 23 2 5 13 6 29 1 33 31 47 28 34 27 40 34 6 33 47 36 2 31 34 6 41 17 20 6 40 40 37 6 47 6 47 36 36 17 37 47 34
split_gain=4136.55 556.85 431.192 113.162 19.7619 38.229 13.5909 13.2239 35.5053 1.68819 8.07729 1.57826 0.977896 17.3496 1.6883 0.805893 0.641009 0.342521 0.329083 0.385244 0.322061 0.261475 0.277678 0.20477 0.125088 0.0697274 0.140356 0.0627726 0.131096 0.0500262 0.0443402 0.0245457 0.0191989 0.00966355 0.00481673 0.00440714 0.00386166 0.00258423 0.00143025 0.00135295 0.00127197 0.00124267 0.00124008 0.0011539 0.000706243 0.00170262
threshold=0.57113659808145467 12.945000000000002 0.85714285714285732 0.67127976968619929 8.0900000000000016 1.5000000000000002 3.5000000000000004 0.41666666666666669 1.5000000000000002 0.15476190476190479 13.565000000000003 79.28074383939483 1.0000000180025095e-35 10051.716286795481 0.10263157894736843 0.58505253350238295 77.418750000000017 14308.948909223082 1.5000000000000002 0.046303321387280209 8316.7610830964313 3.2025000000000006 19478.5777451098 0.62979083294503113 301876.60492217547 0.55000000000000016 0.093073593073593086 1968.8328565852062 4.9033333333333351 0.061656797807357069 6.1625000000000005 0.30384615384615393 7.3375000000000012 0.030338966461163703 0.036481214789948736 0.60355339059327384 6.8525000000000009 0.59669084461006605 6.9925000000000006 0.58129074430762184 39861.77194535733 136750.53877663615 5.5712500000000009 0.12940952255126045 0.66663621195266198 16091.389297407166
decision_type=2 2 2 2 2 2 2 2 2 2 2 2 2 2 2 2 2 2 2 2 2 2 2 2 2 2 2 2 2 2 2 2 2 2 2 2 2 2 2 2 2 2 2 2 2 2
left_child=2 4 9 7 11 -6 17 -3 37 21 -11 12 13 14 -2 -14 18 -5 19 -17 24 22 -1 27 30 26 -25 -20 -29 32 33 -32 -4 -16 35 -27 39 -9 44 -35 42 -28 -41 -40 45 -36
right_child=1 3 29 6 5 -7 -8 8 -10 10 -12 -13 15 -15 20 16 -18 -19 23 -21 -22 -23 -24 25 -26 34 41 28 -30 -31 31 -33 -34 36 38 -37 -38 -39 43 40 -42 -43 -44 -45 -46 -47
leaf_value=-0.055671535471616344 0.13765445129341264 -0.055339522441985471 0.16886642229829352 0.16043037029501717 -0.056473750656005739 0.15952667421123085 0.058605961149774233 -0.057411920407901551 0.13236120056306996 0.044780982789825376 -0.055531847950732176 0.13633086980092399 0.19237717417318825 0.064396020194124548 0.17162831338453319 0.14906288453120675 0.14965438160046726 0.18123149023759336 0.17122463446432007 0.16938254495419855 0.15893026269874111 -0.05533995213377646 -0.028068615476892392 0.1805161428503485 0.16072462272153232 0.17112667649952271 0.16900817023303955 0.17217646839667158 0.18201844511492027 0.1760078696274826 0.17013332525518762 0.17479564755157409 0.17265154931446891 0.16987421019111215 0.16905280268868839 0.16931985865604657 0.17048036277304071 -0.055335450737222826 0.1691024254775092 0.16902899189552911 0.16985592412464029 0.17014918048732075 0.16818183331684422 0.17028057979313962 0.16894702268234682 0.17017558527524365
leaf_weight=1.8294364213943475 4.5837437957525244 34.260408863425255 12.922100812196737 3.9227885007858259 2.9262581467628461 6.8286482840776443 4.0820249244570732 2.0735646337270719 3.7655819207429886 2.4430166929960242 11.237360715866087 4.1450571566820136 3.8361590802669516 4.2259193435311309 4.1277553737163535 4.1011076122522336 4.0921364128589621 3.9940012097358704 8.0616024881601351 5.4093024730682373 8.0588974356651288 1067.3549308329821 1.8150678277015684 4.2017884105443946 4.1101055443286887 5.5836906731128684 4.9996602386236173 7.2116874605417234 6.3739265352487564 4.063456878066062 5.3951633870601636 5.9212866425514221 4.5225808918476096 4.9846799522638312 18.121042862534527 8.5319254547357541 5.1813922673463813 5.4016410708427429 4.165033280849455 71.865209311246872 4.361793413758277 4.5650723874568939 4.5960495620965949 4.148130401968956 88.55461248755455 4.1497027426958075
leaf_count=20 23 393 62 20 30 39 28 20 20 23 127 21 20 25 20 20 20 20 39 26 39 12243 20 21 20 27 24 35 32 20 26 29 22 24 87 41 25 62 20 345 21 22 22 20 425 20
internal_value=-0.00155028 0.139627 -0.0506755 -0.00387971 0.164829 0.0947313 0.132713 -0.0398998 0.00715852 -0.0550714 -0.0376182 0.166982 0.167387 0.164012 0.167429 0.169697 0.16922 0.170924 0.169669 0.16062 0.16858 -0.0552943 -0.0419245 0.17018 0.169284 0.169511 0.172899 0.17472 0.176794 0.171012 0.169614 0.172573 0.169848 0.169262 0.169161 0.170035 0.169155 -0.0559114 0.169058 0.169075 0.169025 0.169553 0.168978 0.16969 0.16901 0.169262
internal_weight=1491.11 384.919 1106.19 57.5 327.419 9.75491 11.9988 45.5012 11.2408 1084.68 13.6804 317.664 313.519 127.412 123.186 186.107 182.27 7.91679 178.178 9.51041 118.602 1071 3.6445 168.668 110.543 147.021 13.7665 21.6472 13.5856 21.5081 106.433 11.3165 17.4447 95.1169 133.254 14.1156 90.9891 7.47521 119.139 85.8077 80.8231 9.56473 76.4613 8.31316 110.825 22.2707
internal_count=14708 2171 12537 563 1608 69 68 495 102 12433 150 1539 1518 619 594 899 879 40 859 46 571 12283 40 813 532 707 67 106 67 104 512 55 84 457 640 68 437 82 572 412 388 46 367 40 532 107
is_linear=0
shrinkage=0.05


Tree=5
num_leaves=47
num_cat=0
split_feature=47 9 8 2 28 47 17 17 5 34 47 7 9 24 37 2 13 41 2 47 47 47 33 37 28 33 41 7 11 37 29 29 24 12 38 47 29 29 13 19 36 17 17 41 47 34
split_gain=3784.04 390.089 152.618 132.603 119.017 94.7404 15.6613 13.5073 13.3338 19.612 5.51493 19.2141 25.752 8.03013 5.10696 4.75836 3.33676 2.72924 2.62696 2.35758 1.14753 0.78308 1.50114 0.665685 0.745872 0.484227 0.463256 0.590046 0.367095 0.24418 0.242943 0.147404 0.146914 0.249067 0.140733 0.114566 0.425843 0.102186 0.0795405 0.0374775 0.55008 0.0365346 0.0270376 0.0248289 0.0245922 0.0237366
threshold=0.57113659808145467 0.77500000000000013 1.0000000180025095e-35 0.55000000000000016 7.7750000000000012 0.62979083294503113 62.555000000000007 55.176250000000003 1.5000000000000002 8446.5985060422845 0.63434261526798119 1.7922135684997194 0.77500000000000013 0.20416666666666669 0.37940952255126054 0.41666666666666669 0.5277777777777779 0.029309302059625324 0.41666666666666669 0.6579306351475912 0.6143657260780041 0.56598634178672258 17619.727355569605 -0.60355339059327362 18.068500000000004 23867.893056233726 0.019758978653418888 3.3175000000000012 1.5000000000000002 0.60355339059327384 1.5234618715636203 2.0072836611715599 0.18465909090909094 1.5000000000000002 0.98296291314453421 0.5562943045748957 29.959803312745272 77.176148458078117 0.47727272727272735 0.45804195804195807 284391.72494828707 5.5712500000000009 5.5712500000000009 0.056133532938339455 0.64723011240841977 18531.601376620754
decision_type=2 2 2 2 2 2 2 2 2 2 2 2 2 2 2 2 2 2 2 2 2 2 2 2 2 2 2 2 2 2 2 2 2 2 2 2 2 2 2 2 2 2 2 2 2 2
left_child=1 21 3 4 31 18 8 17 9 16 11 13 -13 25 -9 -10 -7 -5 -6 -11 -20 35 -23 24 -19 41 -12 34 -25 38 43 42 -30 -34 37 39 -37 45 -29 -1 -41 -4 -2 -3 -35 -28
right_child=2 30 10 7 5 6 -8 14 15 19 26 12 -14 -15 -16 -17 -18 23 20 -21 -22 22 -24 28 -26 -27 27 29 32 -31 -32 -33 33 44 -36 36 -38 -39 -40 40 -42 -43 -44 -45 -46 -47
leaf_value=-0.055053712334877242 0.15086536204123813 0.15089219025097914 0.1509626957923762 0.098213398997176862 -0.055482180049291278 0.074054588728512893 -0.021199659767136426 0.025814885783871328 0.097898240267106751 0.0209955865763789 0.13668698679285185 -0.055444624827092448 0.15056544790937276 0.082647457247692152 0.11594763836962547 0.1681366030321321 0.13896561675959596 0.15034501013346749 -0.038150011472233104 -0.042242689916355096 0.013132763515372082 -0.05519893193125186 0.0040735799669431912 0.13941604947184685 0.12303057339771711 0.13413558957877283 0.15093414673407532 0.15232611167651688 0.15869984337682741 0.17086901542204833 0.13926966390359782 0.14292279689317847 0.13950251662320032 0.15529200093205459 0.14441710180511008 -0.027239634866133573 -0.055066438990161871 0.15870906360244511 0.16085971466137175 -0.055121474959342748 -0.025545257368546612 0.15464858933567927 0.15559734048072793 0.15498397191558483 0.15148876274322431 0.15293253184843492
leaf_weight=1011.9723305106163 8.8629654347896594 14.176353394985204 35.216065689921379 2.976396642625331 28.800244398415089 3.5558817610144668 3.6063283309340468 3.3652230575680724 4.4838878810405713 3.0163210406899443 5.2257211804389945 2.9657962322235099 3.1052440255880356 4.8636433258652678 2.9486009627580643 5.2165935486555099 4.4668968319892883 4.6611881852149946 2.3073145374655715 2.882035568356514 2.0690369382500648 3.0600941181182852 1.6410620957612989 7.0506891384720793 5.3887187093496323 4.3309634774923316 170.79218827188015 4.873883128166197 6.4645012170076361 4.5450022518634787 4.6913319006562224 5.7699363380670539 4.4808866605162612 5.2375467568635967 7.7550193071365348 1.7551033794879893 6.3463157564401627 4.5286917686462393 6.2096352279186249 22.642493441700939 1.6894002482295025 8.3092152029275876 4.5779711008071891 5.0203670263290396 22.551805347204208 16.275356769561768
leaf_count=12139 40 64 159 18 336 26 29 26 27 27 25 34 14 24 16 25 21 21 22 27 20 36 17 35 29 20 771 23 30 22 23 28 23 24 35 20 76 21 29 269 20 38 21 23 102 74
internal_value=-0.000359642 -0.0503199 0.126151 0.0844898 0.0412057 0.00672994 0.0758512 0.137404 0.090668 0.0593097 0.147764 0.134159 0.0499264 0.143859 0.0679075 0.13567 0.110196 0.144865 -0.0499977 -0.00990369 -0.0139047 -0.0548691 -0.0345083 0.147352 0.135699 0.15008 0.151396 0.151754 0.14991 0.161109 0.14947 0.149607 0.15182 0.150442 0.15102 -0.0549608 -0.049038 0.151288 0.157107 -0.0550071 -0.053068 0.151666 0.152477 0.151962 0.152206 0.151108
internal_weight=1496.73 1072.99 423.737 144.741 79.6154 60.4045 27.2279 65.1256 23.6216 13.9211 278.996 58.7909 6.07104 52.7199 6.31382 9.70048 8.02278 58.8117 33.1766 5.89836 4.37635 1049.11 4.70116 55.8353 10.0499 47.8562 220.205 214.98 45.7854 15.6285 23.8881 19.2109 38.7347 32.2702 199.351 1044.41 8.10142 191.596 11.0835 1036.3 24.3319 43.5253 13.4409 19.1967 27.7894 187.068
internal_count=14949 12687 2262 973 649 560 182 324 153 101 1289 289 48 241 42 52 47 282 378 54 42 12577 53 264 50 217 1000 975 214 74 110 89 179 149 901 12524 96 866 52 12428 289 197 61 87 126 845
is_linear=0
shrinkage=0.05


end of trees

feature_importances:
1h_amount_mean=43
anomaly_score=36
inter_attempt_std=18
24h_amount_mean=17
1h_mismatch_rate=15
7d_amount_std=13
hour_sin=11
24h_small_amount_fraction=10
time_since_first_attempt=9
1h_distinct_amounts=7
1h_amount_std=7
7d_decline_rate=7
inter_attempt_mean=7
merchant_hist_N_rate_max=7
hour_cos=6
merchant_hist_N_rate_mean=6
24h_mismatch_rate=5
7d_amount_mean=5
1h_mismatch_count=3
1h_decline_rate=3
24h_attempts=3
24h_decline_rate=3
1h_attempts=2
1h_small_amount_fraction=2
24h_distinct_amounts=2
7d_mismatch_count=2
7d_mismatch_rate=2
7d_distinct_amounts=2
1h_distinct_merchants=1
1h_merchant_entropy=1
24h_mismatch_count=1
24h_merchant_entropy=1
24h_amount_std=1
7d_attempts=1
7d_merchant_entropy=1
7d_small_amount_fraction=1
session_amount_entropy=1

parameters:
[boosting: gbdt]
[objective: binary]
[metric: average_precision]
[tree_learner: serial]
[device_type: cpu]
[data_sample_strategy: bagging]
[data: ]
[valid: ]
[num_iterations: 600]
[learning_rate: 0.05]
[num_leaves: 47]
[num_threads: 0]
[seed: 0]
[deterministic: 0]
[force_col_wise: 0]
[force_row_wise: 0]
[histogram_pool_size: -1]
[max_depth: -1]
[min_data_in_leaf: 20]
[min_sum_hessian_in_leaf: 0.001]
[bagging_fraction: 0.8]
[pos_bagging_fraction: 1]
[neg_bagging_fraction: 1]
[bagging_freq: 1]
[bagging_seed: 3]
[bagging_by_query: 0]
[feature_fraction: 0.8]
[feature_fraction_bynode: 1]
[feature_fraction_seed: 2]
[extra_trees: 0]
[extra_seed: 6]
[early_stopping_round: 0]
[early_stopping_min_delta: 0]
[first_metric_only: 0]
[max_delta_step: 0]
[lambda_l1: 0]
[lambda_l2: 0]
[linear_lambda: 0]
[min_gain_to_split: 0]
[drop_rate: 0.1]
[max_drop: 50]
[skip_drop: 0.5]
[xgboost_dart_mode: 0]
[uniform_drop: 0]
[drop_seed: 4]
[top_rate: 0.2]
[other_rate: 0.1]
[min_data_per_group: 100]
[max_cat_threshold: 32]
[cat_l2: 10]
[cat_smooth: 10]
[max_cat_to_onehot: 4]
[top_k: 20]
[monotone_constraints: ]
[monotone_constraints_method: basic]
[monotone_penalty: 0]
[feature_contri: ]
[forcedsplits_filename: ]
[refit_decay_rate: 0.9]
[cegb_tradeoff: 1]
[cegb_penalty_split: 0]
[cegb_penalty_feature_lazy: ]
[cegb_penalty_feature_coupled: ]
[path_smooth: 0]
[interaction_constraints: ]
[verbosity: -1]
[saved_feature_importance_type: 0]
[use_quantized_grad: 0]
[num_grad_quant_bins: 4]
[quant_train_renew_leaf: 0]
[stochastic_rounding: 1]
[linear_tree: 0]
[max_bin: 255]
[max_bin_by_feature: ]
[min_data_in_bin: 3]
[bin_construct_sample_cnt: 200000]
[data_random_seed: 1]
[is_enable_sparse: 1]
[enable_bundle: 1]
[use_missing: 1]
[zero_as_missing: 0]
[feature_pre_filter: 1]
[pre_partition: 0]
[two_round: 0]
[header: 0]
[label_column: ]
[weight_column: ]
[group_column: ]
[ignore_column: ]
[categorical_feature: ]
[forcedbins_filename: ]
[precise_float_parser: 0]
[parser_config_file: ]
[objective_seed: 5]
[num_class: 1]
[is_unbalance: 0]
[scale_pos_weight: 1]
[sigmoid: 1]
[boost_from_average: 1]
[reg_sqrt: 0]
[alpha: 0.9]
[fair_c: 1]
[poisson_max_delta_step: 0.7]
[tweedie_variance_power: 1.5]
[lambdarank_truncation_level: 30]
[lambdarank_norm: 1]
[label_gain: ]
[lambdarank_position_bias_regularization: 0]
[eval_at: ]
[multi_error_top_k: 1]
[auc_mu_weights: ]
[num_machines: 1]
[local_listen_port: 12400]
[time_out: 120]
[machine_list_filename: ]
[machines: ]
[gpu_platform_id: -1]
[gpu_device_id: -1]
[gpu_device_id_list: ]
[gpu_use_dp: 0]
[num_gpu: 1]

end of parameters

pandas_categorical:[]
